taobao	202	202	202	202	port:57959 1900	win:	ciphersuits:
taobao	202	202	202	202	port:52879 1900	win:	ciphersuits:
taobao	165	165	165	165	165	165	165	165	165	165	165	165	165	165	165	165	165	165	165	165	165	165	165	165	165	165	165	165	165	165	165	165	165	165	165	165	165	165	165	165	165	165	165	165	165	165	165	165	port:49155 1900	win:	ciphersuits:
taobao	202	202	202	202	port:49727 1900	win:	ciphersuits:
taobao	202	202	202	202	port:53729 1900	win:	ciphersuits:
taobao	202	202	202	202	port:53733 1900	win:	ciphersuits:
taobao	202	202	202	202	port:62189 1900	win:	ciphersuits:
taobao	202	202	202	202	port:64590 1900	win:	ciphersuits:
taobao	202	202	202	202	port:57289 1900	win:	ciphersuits:
taobao	202	202	202	202	port:57293 1900	win:	ciphersuits:
taobao	202	202	202	202	port:58611 1900	win:	ciphersuits:
taobao	202	202	202	202	port:49969 1900	win:	ciphersuits:
taobao	202	202	202	202	port:50293 1900	win:	ciphersuits:
taobao	202	202	202	202	port:58098 1900	win:	ciphersuits:
taobao	202	202	202	202	port:51939 1900	win:	ciphersuits:
taobao	202	202	202	202	port:52106 1900	win:	ciphersuits:
taobao	202	202	202	202	port:53417 1900	win:	ciphersuits:
taobao	202	202	202	202	port:59210 1900	win:	ciphersuits:
taobao	216	60	304	1300	304	304	1300	1300	1300	1300	1300	1300	296	1300	1300	1300	60	60	60	60	136	96	216	216	296	296	80	60	1304	1296	1296	1296	1296	1296	1296	1296	1296	136	96	41	1296	1296	1296	1296	1296	1296	1296	1296	1296	41	41	41	100	41	1296	1296	1296	1296	1296	1296	1296	1296	1296	100	41	41	1296	1296	1296	1296	1296	1296	1296	1296	1296	1296	1296	1296	1296	1296	1296	1296	1296	1296	96	100	1296	1296	1296	1296	1296	1296	1296	1296	1296	100	96	1296	1296	1296	1296	1296	1296	1296	1296	1296	1296	1296	1296	1296	1296	1296	1296	1296	1296	96	1296	96	1296	1296	1296	1296	1296	1296	1296	1296	96	96	96	96	1296	1296	1296	1296	1296	1296	1296	1296	1296	1296	1296	1296	1296	1296	1296	1296	1296	1296	1296	1296	1296	1296	1296	1296	1296	1296	1296	1296	1296	1296	1296	1296	1296	1296	1296	1296	1296	1296	1296	1296	1296	1296	1296	1296	1296	1296	96	1296	1296	1296	1296	1296	1296	1296	1296	1296	1296	1296	1296	1296	1296	1296	1296	1296	1296	1296	1296	1296	1296	1296	1296	1296	1296	1296	96	96	1296	1296	1296	245	1304	1296	1296	1296	1296	1296	96	96	96	1296	1296	1296	1296	1296	1296	1296	1296	1296	96	1296	1296	1296	1296	1296	1296	51	1296	1304	807	1040	96	96	1192	1304	1296	1296	1296	1296	1296	1296	1296	1296	1296	1296	1296	1296	429	1304	963	1070	206	1304	368	96	1296	1296	1296	1296	1296	1296	1296	1296	969	212	204	986	213	197	1093	211	202	215	685	220	217	1304	1296	1296	1296	1296	1296	1296	1296	1296	576	213	212	203	207	214	628	1288	213	217	1082	196	259	1304	1296	1296	1296	1296	1296	1296	1296	1296	1296	380	1296	210	206	218	1304	217	222	719	982	208	204	955	209	211	217	1304	1296	1296	1296	96	1296	1296	96	1296	1296	1296	926	209	206	1296	1304	627	202	213	1296	368	1224	201	209	228	202	212	1304	1296	1058	1296	1296	1296	1296	1296	1296	1296	1296	1296	1296	392	205	230	198	1304	604	201	199	197	214	1182	207	209	311	1304	1296	1296	1296	1296	1296	1304	1296	96	96	96	1288	1296	1296	1296	96	1296	1296	1296	215	219	220	245	1304	1296	1296	1296	1296	651	214	215	1304	709	203	216	1304	191	432	217	216	1304	96	1296	1296	1296	1296	1296	1296	1296	1296	1296	96	1058	1296	1296	944	199	199	1304	231	205	228	1304	914	269	208	199	1086	201	197	1304	1296	1296	1296	1296	1296	1296	1296	1296	1296	1296	1296	853	195	211	221	1304	614	207	254	1063	215	203	209	202	211	1134	1304	96	1304	1296	1296	1296	1296	1296	1296	1296	1296	1296	204	221	363	208	214	698	200	203	218	1304	210	202	817	1304	661	1296	1296	1296	96	1296	1296	1296	1296	1296	1296	1296	1296	804	217	242	1282	213	196	243	205	704	200	575	205	206	1304	1296	1296	1296	1296	1296	96	96	1296	1296	1296	1296	1296	1281	216	205	208	60	225	258	553	231	201	728	1304	206	196	193	96	96	96	96	817	1304	914	1296	1304	1296	1296	1296	1296	96	1304	661	1296	1296	1296	1296	1296	1296	1296	1296	805	210	1304	668	200	210	207	970	222	203	1028	210	243	1296	1304	1296	196	1296	1296	1296	1296	1296	1296	1296	1296	1248	214	244	96	116	96	96	96	1296	1304	938	256	215	206	244	201	1134	1241	206	204	1304	1296	1296	1296	1296	1304	196	1296	1296	1296	1296	1296	1296	1296	1296	202	210	206	164	1304	587	236	238	923	197	1141	211	207	207	1304	1296	207	1296	1296	1296	1296	1296	1296	1296	1296	208	895	203	100	76	1304	626	208	202	225	954	197	203	1288	220	216	1304	1296	1296	1296	1296	1296	1296	1296	1296	1296	1296	1296	1296	1296	1296	116	1296	1058	207	188	219	1304	1296	524	196	207	1304	461	214	201	1304	448	207	200	209	1304	207	1296	1296	1296	1296	1296	1296	1296	1296	1296	1296	1296	501	1296	224	1304	848	215	210	219	1258	207	214	199	225	1054	1304	223	1296	1296	1296	1296	1296	1296	1296	1296	1296	96	1296	1296	227	1261	228	1304	678	197	232	201	1304	57	215	208	1211	219	207	1296	96	96	96	1296	1296	1296	1304	1296	1296	1296	1296	1296	116	219	1296	1296	1296	1296	1296	1285	205	210	208	1304	206	854	230	1296	236	605	96	1129	225	210	204	204	1304	1296	1296	1296	1296	1296	1296	96	1296	1296	1296	1296	1296	430	205	201	241	205	736	230	200	1185	1296	691	205	205	201	1304	1296	1296	1296	1296	1296	1296	1296	1296	96	1296	1296	1296	1296	1296	203	207	143	1137	227	211	628	206	207	200	640	207	214	1304	96	96	96	1296	1296	1296	1296	1296	1296	1296	1296	1296	1296	1296	1296	1129	203	205	211	1030	699	553	231	231	680	206	225	1304	203	203	214	96	1185	1296	1296	186	958	217	1229	205	206	205	1018	210	214	211	208	221	207	217	214	210	212	210	217	191	209	212	259	207	218	192	116	116	96	116	203	214	699	200	116	192	76	210	209	211	80	60	1296	1296	1296	1296	1296	1296	1296	1304	1296	96	96	1296	1304	1296	1296	1296	1296	1296	1296	1296	96	96	1296	1296	1296	1296	1296	1296	1296	1296	1296	1296	1296	1296	1296	1296	1296	1296	1296	1296	96	96	1296	1296	1296	1296	1296	1296	1296	1296	1296	96	1296	1296	1296	1296	1296	1296	1296	1296	1296	96	1296	1296	1296	1296	1296	1296	1296	1296	1296	96	1296	1296	1296	1296	1296	1296	1296	1296	1296	100	96	96	1296	1296	1296	1296	1296	1296	1296	1296	1296	1296	1296	1296	1296	1296	1296	1296	1296	1296	96	96	96	1296	1296	1296	1296	1296	1296	1296	1296	1296	1296	96	1296	1296	1296	1296	1296	1296	1296	1296	1296	1296	1296	1296	1296	1296	1296	1296	1296	1296	96	1296	1296	1296	1296	1296	1296	1296	1296	1296	1296	1296	1296	1296	1296	1296	1296	1296	1296	1296	1296	1296	1296	1296	1296	1296	1296	1296	1296	1296	1296	1296	1296	1296	1296	1296	1296	1296	1296	1296	1296	1296	1296	1296	1296	532	96	1304	1296	1296	1296	1296	1296	1296	1296	1296	96	96	96	96	96	1296	1296	1296	1296	1296	1296	1296	1296	1296	1304	621	790	1120	1304	909	1296	1296	1296	1296	1296	1296	1296	1296	1296	1296	1296	1296	1296	96	96	909	621	860	1304	852	1304	71	223	951	1304	1296	1296	1296	1296	1296	1296	1296	1296	497	197	211	218	108	209	219	1098	203	237	1304	96	96	1304	1296	694	203	213	1304	1296	1296	1296	1296	1296	1296	1296	1296	1296	755	216	215	203	1304	214	202	738	873	219	216	869	234	253	255	1304	1296	1296	1296	1296	1296	1296	1296	1296	1296	642	184	195	1296	1304	380	193	196	918	198	96	96	1296	1296	203	895	210	212	206	1304	1296	1296	1296	1296	1296	1296	1296	1296	96	1296	1296	1296	320	260	213	196	1296	202	208	1304	207	729	206	211	218	1176	254	1304	1296	1296	1296	1296	1296	1296	1296	1296	1010	1296	1296	214	209	205	1304	261	1230	215	210	195	195	1156	194	209	207	1304	1296	1296	1296	1296	1296	1296	1296	1296	1296	1252	207	215	96	96	96	1296	1296	1296	1304	1304	657	197	197	205	995	249	215	40	116	249	1036	200	210	1296	1296	1296	1296	1296	1296	1304	1296	96	96	96	1296	1296	1296	1296	1296	139	1296	96	1296	1296	1296	1304	207	207	205	1304	827	216	210	1304	211	175	205	1104	258	217	207	1304	1296	1296	1296	1296	1296	1296	1296	1296	1296	1296	1296	430	198	212	205	205	423	1304	994	209	218	216	1172	96	96	96	1296	1304	1296	76	200	206	1304	1296	1296	1296	1296	1296	1296	1296	1296	1296	967	212	208	1081	213	219	210	502	208	203	444	210	216	1304	1296	1296	1296	1296	1296	1296	1296	1296	1296	451	215	213	213	100	223	794	225	496	96	218	208	434	220	96	96	1296	1296	1296	206	209	1304	1296	1296	1296	1296	1296	1296	1296	1296	210	199	752	1296	197	202	790	469	218	203	215	441	245	213	40	96	1296	1304	1296	1296	1296	1296	1296	1296	1296	1296	96	1296	1296	1296	1296	97	226	208	833	210	204	206	587	247	212	469	188	204	1304	1296	1296	1296	1296	1296	1296	1296	1296	1296	977	208	205	1125	207	209	196	96	1296	234	631	231	576	243	224	242	1304	1296	1296	1296	1296	1296	1296	1296	1296	1296	221	190	784	1304	92	197	199	202	1165	195	218	488	194	210	76	96	1296	100	1304	1296	1296	1296	1296	1296	1296	1296	1296	1296	96	1296	447	221	242	246	881	205	875	191	200	713	220	225	199	196	1296	1296	1304	1296	1296	1296	1296	1296	1296	1161	1296	197	208	1304	884	207	213	547	216	202	96	96	40	1296	1304	206	250	656	207	1304	1296	1296	1296	1296	1296	1296	1296	1296	1296	1296	1296	439	1296	209	215	1304	701	96	96	96	1296	1296	1296	203	204	211	1131	207	210	1304	119	221	247	1304	1296	1296	1296	1296	1296	1296	1296	1296	1296	1296	1296	1296	1296	1296	699	219	209	200	96	96	1296	1296	1304	1296	1296	265	198	200	1296	76	1304	309	212	201	1304	672	201	208	215	1304	1296	1296	1296	1296	1296	1296	1296	1296	1296	1296	1296	1296	1296	1296	928	100	200	212	1304	1296	344	187	197	1304	198	949	208	242	1304	260	469	213	1304	1296	1296	1296	1296	1296	1296	1296	1296	1296	1296	1296	1296	233	218	1296	96	1296	213	1304	1054	212	220	208	1248	205	203	229	207	1173	1304	1296	1296	1296	1296	1296	1296	1296	1296	1296	1296	1296	1296	1296	166	205	214	1304	667	210	212	199	96	1296	1304	136	208	1269	199	960	197	210	209	1304	1296	1296	1296	1296	1296	1296	1296	1296	1296	1296	478	1296	217	212	1304	214	831	208	257	814	201	218	203	871	212	1304	96	1296	1296	1296	584	198	199	214	1304	429	207	205	1045	209	213	238	220	76	200	199	206	217	201	200	262	210	206	207	205	200	201	205	214	211	116	217	60	80	201	1304	1296	1296	1296	116	1296	1296	1296	1296	96	96	80	220	206	1296	1296	1296	1296	1296	1296	1296	1296	100	96	1296	1296	1296	1296	1296	1296	1296	1296	1296	1296	1296	1296	1296	1296	1296	1296	1296	1296	1296	1296	1296	1296	1296	1296	1296	1296	1296	96	1296	1296	1296	1296	1296	1296	1296	1296	1296	1296	1296	1296	1296	1296	1296	1296	1296	1296	96	1296	96	96	1296	1296	1296	1296	1296	1296	1296	1296	1296	1296	1296	1296	1296	1296	1296	1296	1296	1296	96	1296	1296	1296	1296	1296	1296	1296	1296	1296	96	1296	1296	1296	1296	1296	1296	1296	1296	1296	1296	1296	1296	1296	1296	1296	1296	1296	1296	96	1296	1296	1296	1296	1296	1296	1296	1296	1296	1296	96	1296	1296	1296	1296	1296	1296	1296	1296	1296	1296	96	1296	1296	1296	1296	1296	1296	1296	1296	1296	96	96	1296	1296	1296	1296	1296	1296	1296	1296	1296	1296	1296	1296	1296	1296	1296	1296	1296	1296	96	1296	1296	1296	1296	1044	1304	1296	1296	1296	1296	1296	1296	1296	1296	1296	1296	1296	1296	96	1296	1296	1296	633	1304	607	881	1065	40	40	1304	1296	1296	1296	1296	1296	1296	1296	1296	1296	273	1111	1296	729	665	221	1304	1296	1296	1296	1296	1296	1296	1296	1296	1296	69	211	225	237	1071	239	224	658	200	199	621	205	227	203	1304	1296	1296	1296	1296	1296	1296	1296	1296	1296	1203	204	210	208	1040	197	523	205	202	234	96	96	96	1296	1296	1296	459	216	197	1296	1304	1296	1296	1296	1296	1296	1296	1296	1296	171	76	96	96	1296	1304	205	208	844	205	201	205	496	465	216	213	209	195	116	216	100	1296	1304	1296	1296	1296	1296	1296	1296	1296	1296	226	200	571	199	900	252	204	516	210	244	454	216	225	208	1304	1296	1296	1296	1296	1296	1296	1296	1296	1296	1296	160	196	203	1116	206	258	218	512	204	96	1304	206	203	725	201	1304	1296	1296	1296	1296	1296	1296	1296	1296	851	1296	207	202	206	204	1212	202	744	206	229	214	570	204	1304	1296	1296	1296	1296	1296	1296	217	1296	1296	205	1188	1296	76	96	96	96	1296	1296	1296	100	1067	207	218	202	208	204	207	443	215	587	216	1304	1296	1296	1296	1296	1296	1296	1296	1296	1296	96	587	970	214	208	96	1296	1235	203	213	214	778	210	221	891	230	1304	215	1296	1296	1296	1296	1296	1296	1296	1296	1296	1296	111	204	1296	96	1296	223	216	1304	805	200	240	215	209	866	204	203	1175	203	1296	1296	1296	1296	1296	1296	1296	1296	1304	96	96	1296	1304	1296	1296	1296	1296	1296	470	204	1296	214	96	1304	1296	1296	899	207	212	1304	413	210	195	233	1304	544	228	212	1304	1296	1296	1296	1296	1296	1296	1296	1296	1296	1296	1296	1296	1296	62	248	1304	1296	759	214	215	210	209	1304	201	317	206	96	116	1296	213	1304	209	1304	1296	1296	1296	1296	1296	162	96	162	210	1296	1296	1296	1296	1296	1296	1130	40	96	1296	217	208	210	1304	212	470	219	1304	457	214	229	1304	128	205	206	76	100	207	1304	1296	1296	1296	1296	1296	1296	1296	1296	96	96	1296	1296	1296	1296	1068	204	205	1296	1304	1296	82	214	198	209	96	1296	1097	254	224	864	211	218	200	1304	1296	1296	1296	1296	1296	1296	1296	1296	1296	1296	619	244	197	1296	96	1296	1304	1117	203	212	1096	214	209	81	210	1304	208	204	1304	1296	1296	1296	1296	1296	1296	1296	1296	1296	1296	1296	1137	1296	201	206	1304	897	246	203	1304	358	211	243	216	1166	210	200	96	96	1304	1296	1296	1296	1296	1296	1296	1296	1304	1296	96	96	1296	1304	1296	1296	1296	950	193	199	1304	627	209	254	202	870	40	199	206	803	208	214	1304	1296	1296	1296	1296	1296	1296	1296	1296	1296	1296	1296	876	209	201	1304	209	195	204	206	76	96	760	217	204	646	1296	1296	100	201	216	210	1304	1296	1296	1296	1296	1296	1296	1296	1296	1296	1296	637	216	220	1196	223	211	255	719	211	96	1296	208	434	203	207	1304	1296	1296	1296	1296	1296	1296	1296	1296	206	389	1296	198	1296	1304	444	96	1296	1296	199	206	220	1056	980	246	207	209	1304	1296	1296	1296	199	1296	1296	1296	1296	1296	1296	1296	1296	1296	397	208	205	207	1304	875	213	214	1192	200	249	1304	83	243	207	200	1304	1296	1296	1296	1296	1296	1296	1296	1296	1296	1296	193	521	1304	209	206	209	205	184	96	1296	1017	214	209	978	40	224	1304	1296	1296	1296	1296	1296	1296	1296	227	1296	1296	1296	1296	549	200	202	1304	678	207	1296	968	212	216	210	1035	197	1213	200	203	214	1304	1296	1207	205	251	929	245	196	771	76	96	1296	187	194	206	214	206	200	212	209	100	116	116	209	212	204	212	268	202	210	199	201	215	216	198	215	211	116	216	211	206	203	80	60	1304	1296	1296	1296	1296	1296	1296	1296	1296	1296	1296	1296	1296	1296	1296	1296	1296	1296	1296	1296	1296	1296	1296	1296	1296	1296	1296	1296	1296	1296	1296	1296	1296	1296	1296	1296	1296	1296	1296	1296	1296	1296	1296	1296	1296	1296	1296	1296	1296	1296	1296	1296	1296	1296	1296	1296	1296	1296	1296	1296	1296	1296	1296	1296	1296	1296	1296	1296	1296	1296	1296	1296	1296	1296	1296	1296	1296	1296	1296	1296	1296	1296	1296	1296	1296	1296	1296	1296	1296	1296	1296	1296	1296	1296	1296	1296	1296	1296	1296	1296	1296	1296	1296	1296	1296	1296	1296	1296	1296	1296	1296	1296	1296	1296	1296	1296	1296	1296	1296	1296	1296	1296	1296	1296	1296	1296	1296	1296	1296	1296	1296	1296	1296	1296	1296	1296	1296	1296	1296	1296	1296	1296	1296	1296	96	1296	1296	1296	1296	1296	1304	1296	1296	1296	807	96	1296	1296	1296	1296	1296	1296	1296	897	1200	579	96	96	1296	1296	405	1304	1296	1296	1296	1296	1296	1296	1296	1296	843	1296	502	487	858	231	1296	1304	1296	1296	1296	1296	601	214	212	735	202	205	1296	363	214	221	432	207	260	213	1304	1296	96	1296	1296	1296	1296	1296	1296	209	508	96	201	985	212	214	414	207	1296	209	96	96	1296	1296	1296	1296	202	96	1296	96	96	96	96	96	96	96	96	1296	807	1296	1296	1296	1296	1296	96	96	96	96	96	96	1296	1296	1296	1296	858	1296	1296	487	1304	203	388	208	1304	1296	1296	1296	1296	1296	1296	1296	1296	1296	214	669	207	207	1028	237	207	206	206	694	251	554	76	214	206	1304	1296	1296	1296	1296	1296	1296	1296	1296	1260	213	100	225	208	950	240	218	202	209	523	96	1296	378	207	222	1296	1296	1304	1296	1296	1296	1296	1296	1296	1296	1296	55	96	96	96	1296	1304	1296	189	196	210	1060	205	470	195	205	247	656	221	196	206	1304	1296	1296	1296	1296	1296	1296	1296	1296	1296	1296	351	203	206	1304	197	206	214	256	206	348	218	861	195	208	40	40	1304	1296	1296	1296	1296	1296	1296	1296	1296	1296	759	193	200	1304	275	198	215	261	887	202	203	1031	215	206	1304	1296	1296	1296	1296	1296	1296	1296	1296	1296	1182	208	201	203	236	1177	874	220	207	197	910	214	209	212	1304	1296	1296	1296	1296	1296	1296	1296	1296	1296	340	206	235	205	1304	205	250	1296	96	1296	203	881	220	216	233	233	1304	776	1296	1296	1296	1296	1296	1296	1296	96	776	1296	1296	1027	199	197	75	1304	210	198	226	633	206	205	200	824	198	1304	1296	1296	1296	1296	1296	1296	1296	1296	1296	947	215	205	220	76	96	96	1296	1304	205	200	816	1242	256	215	630	204	100	206	210	1304	1296	1296	1296	1296	1296	1296	1296	1296	1296	1088	201	205	1121	213	204	196	215	696	199	787	202	215	1304	1296	1296	1296	1296	1296	1296	1296	1296	1296	346	96	96	96	1296	1242	1296	223	207	1178	238	203	201	719	213	205	678	200	210	213	1296	1296	1304	1296	1296	1296	1296	1296	1296	1296	1068	208	206	216	1304	228	209	622	96	96	1296	1296	1304	216	205	242	974	223	1304	1296	1296	1296	1296	1296	1296	1296	209	1296	1296	1296	1296	1240	207	217	1304	214	1100	206	215	1272	202	208	1304	206	205	338	96	1296	1304	1296	1296	1296	1296	1296	1296	1296	1296	1296	1296	1296	218	208	187	207	1296	96	1296	1296	1304	1296	217	209	1304	372	1296	113	96	372	40	214	210	1304	590	76	215	209	212	1304	1296	1296	1296	1296	1296	1296	1296	1296	1296	1296	1296	1038	218	211	1304	1118	198	100	211	1303	226	197	256	1193	216	259	1304	1296	1296	1296	1296	1296	1296	1296	1296	1296	1296	169	205	225	1304	297	200	210	198	208	854	194	650	208	200	1304	1296	1296	1296	1296	1296	1296	1296	1296	1296	1068	199	203	209	1048	210	206	668	216	245	528	204	202	203	1304	1296	1296	1296	1296	1296	1296	1296	1296	1134	1296	211	1134	214	219	212	528	208	214	566	218	204	80	96	1296	116	204	205	1304	1296	1296	1296	1296	1296	1296	1296	1296	1296	932	207	212	208	1304	57	200	210	209	524	206	205	571	236	228	1304	1296	1296	1296	1296	1296	1296	1296	1296	1296	488	221	216	995	220	520	214	40	96	1296	209	208	213	752	972	76	207	215	1304	253	211	232	212	761	209	213	205	211	752	249	193	210	192	207	202	224	1296	207	197	211	249	96	116	116	116	1296	202	224	213	100	200	194	208	210	205	213	208	206	222	80	217	1304	1296	1296	1296	1296	1296	1296	60	1296	1296	1296	1296	1296	1296	1296	1296	1296	1296	1296	1296	1296	1296	1296	1296	1296	1296	1296	1296	1296	1296	1296	1296	1296	1296	1296	1296	1296	1296	1296	1296	1296	1296	1296	1296	1296	1296	1296	1296	1296	1296	1296	1296	1296	1296	1296	1296	1296	1296	1296	1296	1296	1296	1296	1296	1296	1296	1296	1296	1296	1296	1296	1296	1296	1296	1296	1296	1296	1296	1296	1296	1296	96	96	96	96	96	96	96	96	96	96	1296	1296	1296	1296	1296	1296	1296	1296	60	1296	1296	1296	1296	1296	1296	1296	1296	1296	1296	1296	1296	1296	1296	1296	1296	1296	1296	1296	1296	1296	1296	1296	1296	1296	1296	1296	1296	96	96	96	1296	1296	1296	1296	1296	1296	1296	1296	1296	1296	1296	1296	1296	1296	1296	1296	1296	1296	96	96	96	1296	1296	1296	1296	1296	1296	1296	1296	1296	96	1296	1296	1296	1296	1296	1296	1296	1296	1296	1296	1296	1296	1296	1296	1296	1296	1068	1296	96	1296	1304	1296	1296	1296	1296	1296	1296	1296	96	1296	1296	1296	1296	335	1153	922	940	1304	1296	1296	1296	1296	1296	1296	1296	1296	1296	1296	122	1208	701	508	1304	1296	1296	1296	1296	1296	1296	945	249	233	1083	199	191	205	480	200	575	206	205	218	40	1304	1296	1296	1296	1296	1296	1296	1296	1296	96	199	189	214	1296	437	1296	1065	217	943	777	203	243	255	196	211	200	1296	1304	1296	1296	1296	1296	1296	1296	1296	206	559	1296	96	96	96	96	1296	1296	1296	1304	241	1183	215	209	201	627	213	201	76	100	570	211	199	1296	1296	1304	1296	1296	1296	1296	1296	1296	1296	1118	202	259	219	1304	194	202	210	601	207	219	96	96	1304	1296	194	728	200	205	1304	1296	1296	1296	1296	1296	1296	1296	1296	1296	1296	207	218	269	1304	499	215	222	901	207	211	219	859	200	209	1304	1296	1296	1296	1296	1296	1296	1296	96	1296	1296	1296	204	217	1035	1304	355	229	208	205	841	200	207	774	205	200	1296	1296	1304	1296	1296	1296	1296	1296	1296	194	198	1296	205	1122	96	1304	1304	225	210	210	717	974	199	524	209	211	1304	201	1296	1296	1296	1296	96	524	1296	1296	1296	1296	1296	1296	1296	1296	774	204	208	1304	209	207	1296	1304	249	646	96	646	224	221	204	1304	563	218	211	1304	1296	1296	1296	1296	1296	1296	1296	1296	1296	1296	1296	478	277	96	1296	76	199	1304	1290	254	212	219	1304	538	225	212	1248	200	201	1304	1296	1296	1296	1296	1296	1296	1296	1296	1296	1296	815	100	203	253	229	1304	607	96	201	213	1022	207	206	1106	208	96	1296	1296	1296	205	1296	1296	1296	1296	1296	1296	1296	1296	1304	215	1296	1296	211	705	96	1304	206	1304	360	207	216	241	856	208	205	40	40	217	206	1304	1296	1296	1296	1296	1296	1296	1296	597	96	597	1296	1296	1296	1296	546	205	204	210	1304	641	76	211	869	198	202	201	829	206	215	100	220	1296	1296	1296	1296	1296	1296	1296	1296	1304	96	96	1296	1304	1296	1296	460	225	210	206	1297	205	630	96	1296	214	242	200	595	210	206	1296	1304	1296	1296	1296	1296	1296	1296	1296	96	1304	1296	1296	987	199	201	1304	198	442	198	203	672	213	215	204	796	216	1304	1296	1296	1296	1296	1296	1296	1296	1296	1296	213	600	1296	215	224	133	1304	254	219	851	218	216	721	96	96	96	1296	1304	1296	202	203	202	1304	1296	1296	1296	1296	1296	1296	1296	96	1296	1296	1296	717	225	212	1287	214	211	749	205	213	667	209	209	209	1304	1296	1296	1296	1296	1296	1296	1296	1296	681	220	201	1296	210	749	216	96	96	1296	1296	210	205	585	217	76	100	411	206	204	1296	1304	1296	1296	1296	1296	1296	1296	1296	1296	1296	216	207	772	207	727	96	1304	508	204	232	208	218	219	457	204	212	1304	1296	1296	1296	1296	1296	1296	1296	1296	1296	226	418	204	1203	217	207	222	570	202	202	705	200	196	1304	1296	1296	1296	1296	1296	1296	1296	1296	1296	758	204	100	96	1296	213	213	1304	241	202	207	800	223	237	623	253	193	228	1304	1296	1296	1296	1296	1296	1296	1296	1296	1296	1296	1296	1296	174	213	205	1304	212	197	165	219	767	207	208	96	96	1296	1296	40	206	723	199	1304	1296	1296	1296	1296	1296	1296	1296	1296	76	1296	896	204	212	1180	208	211	207	674	209	208	641	217	221	1304	1296	212	226	156	217	493	246	194	334	972	100	216	205	203	199	203	205	203	224	207	201	215	202	204	200	195	206	255	211	208	207	222	207	249	116	80	60	1296	1304	1296	1296	1296	1296	1296	1296	1296	96	96	1296	1304	255	1296	1296	1296	1296	1296	1296	1296	1296	1296	1296	1296	1296	1296	1296	1296	1296	1296	1296	1296	1296	1296	1296	1296	1296	1296	96	96	96	1296	1296	1296	1296	1296	1296	1296	1296	1296	96	1296	1296	1296	1296	1296	1296	1296	1296	1296	1296	96	96	1296	1296	1296	1296	1296	1296	1296	1296	1296	1296	1296	1296	1296	1296	1296	1296	1296	1296	1296	1296	1296	1296	1296	1296	1296	1296	1296	96	96	96	1296	1296	1296	1296	1296	1296	1296	1296	1296	96	1296	1296	1296	1296	1296	1296	1296	1296	1296	1296	1296	1296	1296	1296	1296	1296	1296	1296	1296	1296	1296	1296	1296	1296	1296	1296	1296	96	96	1296	1296	1296	1296	1296	1296	1296	1296	1296	1296	1296	1296	1296	1296	1296	1296	1296	1296	96	1296	1296	1296	1296	1296	1296	1296	1296	1296	96	96	1296	1296	1296	1296	1296	1296	1296	1296	1296	1296	1296	1296	1296	1296	1296	1296	1296	1296	1296	1296	862	1304	1296	1296	1296	1296	1296	1296	1296	1296	1296	322	1304	78	474	1304	1296	1296	546	1296	1296	1296	1296	1296	1296	1296	1296	1102	1014	572	535	1304	1296	1296	1296	1296	1296	1296	96	96	96	1296	546	1296	1296	202	58	229	203	212	210	803	76	496	206	486	212	213	219	219	1304	1296	1296	1296	1296	1296	1296	40	1296	1154	213	896	216	211	96	486	100	205	203	215	554	437	211	212	218	1304	1296	1296	1296	1296	1296	1296	1296	1296	1296	779	217	216	203	204	558	244	203	408	205	207	341	221	204	1296	1296	1304	1296	1296	1296	1296	1296	1296	96	96	1296	1296	1304	1296	199	676	218	480	216	236	396	200	207	213	354	197	210	1304	1296	1296	1296	1296	1296	1296	1296	1296	96	1296	746	208	204	457	235	217	218	395	399	208	205	207	203	1304	1296	1296	1296	1296	1296	1296	1296	1296	1296	1296	208	75	231	356	207	199	209	398	203	363	254	212	203	40	96	116	1296	224	1304	1296	1296	1296	1296	1296	1296	1296	96	203	1296	1296	1296	1126	208	207	480	218	196	383	211	208	210	407	76	100	231	244	1304	1296	1296	1296	1296	1296	1296	1296	1296	1296	205	503	206	208	210	201	202	375	204	217	96	96	116	202	208	1296	213	362	209	1304	1296	1296	1296	1296	1296	1296	1296	96	1296	1296	1296	1296	777	206	238	1296	253	506	96	1296	202	203	392	202	194	405	204	204	1304	1296	1296	1296	1296	1296	201	1296	116	194	1296	1296	1265	233	214	1296	96	1296	201	573	241	428	197	201	198	391	211	197	1296	1304	1296	1296	1296	1296	1296	1296	96	96	1296	688	207	203	1296	198	96	1296	1296	1304	635	203	212	422	215	219	495	209	206	211	76	1296	1304	1296	1296	1296	1296	1296	1296	1296	1204	220	804	201	100	227	440	225	212	373	219	217	247	96	116	247	1304	206	1304	1296	1296	1296	1296	1296	1296	1296	1296	208	207	693	1296	865	209	196	197	246	365	236	399	192	195	1304	1296	1296	1296	1296	1296	1296	1296	1296	96	1296	1296	550	200	200	215	96	1296	1296	1142	205	211	351	210	208	224	488	76	203	1304	1296	1296	1296	1296	1296	1296	1296	1296	226	1296	629	223	951	192	211	100	96	208	476	200	201	231	413	206	223	1296	1304	1296	1296	1296	1296	1296	1296	1296	1296	1296	1296	1228	201	244	952	210	206	201	446	197	204	213	425	201	96	1296	40	1296	1304	1296	1296	1296	1296	1296	1296	1296	96	40	1304	1296	212	514	76	207	722	202	220	512	220	205	208	100	396	204	203	76	219	1296	1296	1296	1296	1296	1296	1296	1296	1304	1296	1296	67	207	246	995	208	218	275	193	548	196	560	200	1304	1296	1296	1296	214	1296	1296	1296	1296	1296	1296	738	230	216	205	1190	201	472	206	199	207	100	213	195	469	1304	1296	1296	1296	1296	1296	1296	1296	207	1296	1296	1296	142	1296	204	211	221	913	212	528	212	221	512	216	204	203	1304	1296	1296	1296	1296	1296	1296	1296	1296	1296	842	212	201	223	1128	96	96	96	96	96	1296	1296	1296	1296	1304	203	203	211	553	209	213	551	202	1304	1296	1296	1296	1296	1296	1296	1296	1296	1296	256	227	207	227	1296	1296	202	523	213	1304	668	209	208	1304	204	210	223	1304	1296	146	1296	212	1296	656	217	1304	924	205	76	1296	976	216	1304	611	210	203	96	96	96	96	96	1296	146	1296	1304	1296	100	213	202	210	217	233	240	221	212	205	214	242	248	208	194	201	209	116	205	211	202	80	201	60	1304	1296	1296	1296	1296	1296	1296	1296	96	1296	1296	1296	1296	1296	1296	1296	1296	1296	1296	1296	1296	1296	1296	1296	1296	1296	1296	96	1296	1296	1296	1296	1296	1296	1296	1296	1296	1296	1296	1296	1296	1296	1296	1296	1296	1296	1296	1296	1296	1296	1296	1296	1296	1296	1296	96	96	1296	1296	1296	1296	1296	1296	1296	1296	1296	96	1296	1296	1296	1296	1296	1296	1296	1296	1296	96	1296	1296	1296	1296	1296	1296	1296	1296	1296	96	1296	1296	1296	1296	1296	1296	1296	1296	1296	1296	1296	1296	1296	1296	1296	1296	1296	1296	1296	96	1296	1296	1296	1296	1296	1296	1296	1296	1296	1296	96	1296	1296	1296	1296	1296	1296	1296	1296	1296	96	1296	1296	1296	1296	1296	1296	1296	1296	1296	1296	1296	1296	1296	1296	1296	1296	1296	1296	96	1296	1296	1296	1296	1296	1296	1296	1296	1296	1296	1296	1296	1296	1296	1296	224	1296	1304	1296	1296	96	1296	1296	1296	1296	1296	1296	1296	1296	1296	1296	1296	1296	1296	1296	1296	1296	677	1304	96	1296	1296	961	392	1304	1304	843	1296	1296	1304	96	1296	1296	1296	1296	96	1296	1296	1296	1296	1296	96	96	1296	1296	1304	1304	1296	1296	1296	1296	1296	1296	1296	121	1296	1304	1296	965	1304	564	1304	984	213	210	96	1296	206	1304	1296	1296	1296	1296	1296	1296	1296	1296	1296	1296	1296	1296	895	96	1296	213	217	1304	1296	211	207	207	733	1304	208	204	727	1304	796	40	76	205	207	1304	1296	1296	1296	1296	1296	1296	1296	1296	96	1296	1296	1296	1296	1296	843	216	201	214	1304	1296	289	211	96	1296	204	1304	773	211	210	100	1304	203	98	214	220	1304	1296	1296	1296	1296	1296	1296	1296	1296	1296	1296	1296	899	214	217	1304	1296	875	96	1296	211	217	1289	211	243	199	1166	222	218	1304	1296	1296	1296	1296	1296	1296	1296	1296	1296	1296	1296	1296	773	243	213	1304	213	214	524	200	923	200	202	1140	204	200	1296	1296	1296	1296	1296	1296	1296	1296	1304	1296	1296	1296	211	250	1296	62	221	1304	709	208	196	96	96	851	216	219	991	1296	1304	214	207	201	1304	1296	1296	1296	1296	1296	1296	1296	1296	1296	1296	1296	1296	1050	96	1296	205	213	1304	725	196	210	201	204	980	76	1204	207	209	224	100	1304	1296	1296	1296	1296	1296	1296	1296	1296	40	1296	1296	1296	1296	53	220	215	1304	208	198	267	240	989	198	198	665	209	80	226	1304	1296	1296	1296	1296	1296	1296	1296	1296	1296	1296	1296	1296	381	224	194	236	904	205	195	1304	1304	218	259	334	1304	332	208	200	210	1296	1296	1296	1296	1296	1296	1296	1296	1304	1296	1296	1296	1296	205	247	222	1304	1127	205	200	202	1005	212	199	1119	211	204	1304	1296	1296	1296	1296	1296	1296	1296	1296	96	96	1296	1296	1296	212	630	96	96	96	96	96	1304	1296	1296	1296	1296	1296	1304	215	219	1304	416	208	214	928	207	212	693	220	229	214	1304	1296	1296	1296	1296	1296	1296	1296	1296	1296	1296	629	201	1296	212	1304	126	856	242	213	210	199	211	703	194	96	1296	202	1304	1296	1296	1296	1296	1296	1296	1296	1296	1296	1296	1296	200	1090	210	40	96	96	1304	210	211	745	211	1296	1296	210	208	864	736	246	219	1304	1296	1296	1296	1296	1296	1296	1296	1296	1296	1296	205	195	207	1296	1296	221	1264	1296	76	96	96	96	96	1296	1296	736	209	1296	1296	208	768	206	1296	100	205	969	226	250	214	1304	1296	1296	1296	1296	1296	1296	1296	1296	1296	1296	1296	800	212	1304	195	211	580	208	463	100	96	96	1296	463	405	211	211	215	76	100	80	200	205	1304	1296	1296	1296	1296	1296	1296	1296	1296	1296	859	219	717	217	215	230	215	191	198	442	200	406	1304	1296	1296	1296	1296	194	1296	1296	1296	1296	1296	1296	1296	885	200	258	212	255	650	206	413	198	212	202	207	206	1304	379	1296	1296	1296	1296	1296	1296	1296	1296	1296	189	1296	196	1296	204	229	463	200	211	910	218	195	465	222	205	1296	1296	1296	1296	1296	1296	1296	1304	1296	1296	1296	1296	1296	1063	213	209	197	214	200	984	200	205	549	1038	207	222	195	1304	1296	1296	1296	1296	1296	1296	1296	1296	1296	1296	1296	593	225	234	1019	234	220	611	199	202	200	521	200	209	1296	1296	1304	1296	1296	1296	1296	1296	1296	1296	1296	1296	1296	637	206	222	1304	852	224	206	203	260	254	781	1291	195	1304	1296	1296	191	1296	1296	1296	1296	1296	1296	1296	1296	499	96	96	96	96	96	1296	96	96	96	116	96	96	96	1296	1296	195	910	1296	1296	1296	1304	379	1296	1296	96	96	1296	1304	196	205	211	926	202	205	676	195	40	204	206	208	467	214	1304	1296	1296	1296	1296	1296	1296	1296	1296	40	1296	1229	220	211	721	218	218	196	229	490	214	660	214	212	1304	1139	224	976	206	366	225	210	218	209	201	454	206	242	203	195	212	216	214	196	215	206	214	209	212	225	198	198	196	210	192	209	201	76	80	116	116	116	212	198	214	100	80	60	1304	1296	1296	1296	1296	1296	1296	1296	1296	1296	1296	1296	1296	1296	1296	1296	1296	1296	1296	1296	1296	1296	1296	1296	1296	1296	1296	1296	1296	1296	1296	1296	1296	1296	1296	1296	1296	1296	1296	1296	1296	1296	1296	1296	1296	1296	1296	1296	1296	1296	1296	1296	1296	1296	1296	1296	1296	1296	1296	1296	1296	1296	1296	1296	1296	1296	1296	1296	1296	1296	1296	1296	1296	1296	1296	1296	1296	1296	1296	1296	1296	1296	1296	1296	1296	1296	1296	1296	1296	1296	1296	1296	1296	1296	1296	1296	1296	1296	1296	1296	1296	1296	1296	1296	1296	1296	1296	1296	1296	1296	1296	1296	1296	1296	1296	1296	1296	1296	1296	1296	1296	1296	1296	1296	1296	1296	1296	1296	96	96	1296	1296	1296	1296	1296	1296	1296	1296	1296	96	96	96	96	96	96	96	96	96	1296	1296	1296	1296	1296	1296	1296	1296	1296	1296	1296	1296	1296	1296	1296	1296	1296	1296	1296	1296	363	1304	1296	1296	1296	1296	1296	1296	1296	1296	96	1296	1296	1296	574	631	383	599	1304	1296	96	1296	1296	1296	1296	1296	1296	1296	1296	1296	96	1296	1296	1163	1022	513	395	1304	1296	1296	1296	1296	1296	1296	1296	886	204	214	206	1304	652	226	217	886	216	206	1304	128	215	218	215	1304	1296	1296	1296	1296	1296	1296	1296	1296	96	96	96	1296	1296	1296	1296	1296	1296	149	1296	207	1304	741	217	212	205	1304	201	275	178	96	116	205	1296	299	1162	212	194	76	1304	1296	1296	1296	1296	1296	1296	1296	1296	1296	1296	1296	1296	978	210	201	1304	212	203	473	937	215	252	96	96	116	1296	1296	252	100	220	950	199	205	1304	1296	1296	1296	1296	1296	1296	1296	1296	1296	1296	1296	216	214	180	733	1304	193	183	214	1144	201	206	1265	96	96	96	1304	1296	1296	206	205	212	1304	1296	1296	1296	1296	1296	1296	1296	1296	1296	256	891	1304	219	202	209	214	206	1150	213	216	902	205	211	1304	1296	1296	1296	1296	1296	1296	1296	1296	1296	1296	1296	1296	533	209	207	1304	1296	769	206	207	210	1302	204	201	1304	411	203	200	1304	1296	1296	1296	1296	1296	1296	1296	1296	1296	1296	1296	1296	1296	1296	205	707	96	1296	40	210	216	1304	385	1296	207	96	1296	213	1304	625	211	205	1304	378	211	214	208	1304	1296	1296	1296	1296	1296	1296	1296	1296	1296	1296	1296	1296	1296	132	222	212	1296	1296	214	213	492	1304	96	1296	96	1304	205	1304	346	213	204	652	219	207	1304	1304	1296	1296	1296	1296	1296	1296	1296	1296	1296	1296	1296	1296	1296	1296	1296	240	207	225	1080	1304	1296	1043	76	213	211	1304	663	206	1304	823	214	201	238	203	1304	1296	1296	1296	1296	1296	1296	1296	1296	1296	1296	1296	1296	1296	1296	1296	210	382	211	100	96	96	1304	1296	1304	1296	1147	208	208	766	1304	221	209	1304	939	212	216	213	1304	1296	1296	1296	1296	1296	1296	1296	1296	1296	1296	1296	1296	1296	1296	1296	1296	1296	601	207	205	1304	1296	879	213	204	210	96	96	96	96	1296	1296	1304	1296	1304	820	210	206	1304	482	206	198	1304	1296	1296	1296	1296	1296	1296	1296	1296	1296	1296	1296	1296	1296	1296	540	197	217	207	40	96	96	1296	1296	1304	1296	135	211	209	1304	208	327	216	1288	255	1304	214	1296	1296	219	1296	1296	1296	1296	1296	1296	1296	1296	1296	1173	96	1296	198	198	1304	564	207	204	1036	207	217	226	952	211	245	1304	1296	1296	1296	1296	1296	1296	1296	1296	1296	1296	1227	210	203	1304	209	96	1296	198	202	199	936	206	975	219	198	211	1304	1296	1296	1296	1296	1296	1296	1296	1296	1296	1296	1296	1296	1296	223	544	221	210	1304	338	227	202	96	96	1296	1296	202	1022	218	1243	100	76	202	207	208	1304	1296	1296	1296	1296	1296	1296	1296	1296	100	1296	1296	1296	885	207	1304	215	298	228	244	1121	205	207	210	919	215	208	1304	1296	1296	1296	1296	1296	1296	1296	1296	1296	1296	1296	1296	217	210	205	572	40	116	96	96	208	1296	1296	1304	733	212	214	746	222	202	1086	215	195	213	1304	1296	1296	1296	1296	1296	1296	1296	1296	1296	1296	1296	1296	1296	425	203	212	480	1304	214	225	1197	206	203	219	731	200	203	1304	1296	1296	1296	1296	1296	1296	1296	1296	1296	1296	1296	830	210	1228	201	212	237	256	609	249	195	96	96	116	195	1304	1296	485	257	225	1304	1296	1296	1296	1296	1296	1296	1296	1296	1296	1296	200	456	190	201	1304	193	305	205	216	199	628	687	202	211	206	1304	1296	1296	1296	1296	1296	1296	1296	1296	1296	1296	1296	1296	63	1296	96	96	96	1296	1296	1296	76	208	1304	226	563	1114	210	201	938	207	207	204	200	116	116	204	207	209	1304	1296	1296	1296	1296	1296	1296	1296	1296	96	1296	1296	1296	1296	1296	1296	612	206	220	619	204	219	225	1304	990	255	209	208	205	755	1304	1296	429	200	100	1296	96	96	96	1304	1296	1296	972	206	203	225	852	206	1029	197	212	220	205	207	207	201	216	215	201	218	203	248	209	192	212	207	215	208	206	215	200	76	80	60	1304	1296	1296	1296	1296	1296	1296	1296	1296	1296	1296	1296	1296	1296	1296	1296	1296	1296	116	116	216	200	1296	1296	1296	1296	1296	1296	1296	1296	1296	116	96	215	1296	1296	1296	1296	1296	1296	1296	1296	1296	1296	1296	1296	1296	1296	1296	1296	1296	1296	96	96	1296	1296	1296	1296	1296	1296	1296	1296	1296	1296	1296	1296	1296	1296	1296	1296	1296	1296	1296	1296	1296	1296	1296	1296	1296	1296	1296	96	1296	1296	1296	1296	1296	1296	1296	1296	1296	1296	1296	1296	1296	1296	1296	1296	1296	1296	1296	1296	1296	1296	1296	1296	1296	1296	1296	96	1296	1296	1296	1296	1296	1296	1296	1296	1296	96	1296	1296	1296	1296	1296	1296	1296	1296	1296	1296	1296	1296	1296	1296	1296	1296	1296	1296	1296	1296	1296	1296	1296	1296	1296	1296	1296	1296	1296	1296	1296	1296	1296	1296	1296	1296	100	96	1296	1296	1296	1296	1296	1296	242	1304	1296	1296	1296	1296	1296	1296	1296	1296	1296	1296	1296	637	1296	1304	583	1100	1134	1296	1296	1296	1304	1296	96	96	1296	1304	1296	1296	1296	1296	1296	1296	1296	96	1296	1296	1296	987	1304	299	1092	921	213	210	1304	1296	1296	1296	1296	1296	1296	1296	1296	902	211	220	1304	211	216	692	212	332	198	210	932	210	219	96	96	332	1296	1296	1304	1296	1296	1296	1296	1296	1296	1296	96	1296	1304	437	209	220	1304	134	40	40	211	212	213	900	204	201	871	210	202	1304	1296	1296	1296	1296	1296	1296	1296	1296	1296	1296	779	212	202	214	1304	459	229	203	96	96	1296	1296	194	1004	224	205	1119	220	201	1304	1296	1296	1296	1296	1296	1296	1296	1296	1296	1129	271	232	262	1304	246	263	1164	207	216	188	904	200	205	1304	1296	1296	1296	1296	1296	1296	1296	1296	1296	1296	1296	206	202	96	1304	1296	383	1296	1296	271	203	201	96	96	383	1296	1296	76	207	1304	439	197	229	1304	216	210	898	1304	1296	1296	1296	1296	1296	1296	1296	1296	1296	1296	1296	1296	1296	1296	839	260	197	196	1304	1296	1296	472	100	203	860	215	1304	200	213	1304	1296	213	210	96	1304	216	208	1296	1304	1296	1296	1296	1296	1296	1296	1296	1296	1296	1296	1296	1296	1296	1296	1296	1296	201	231	217	1304	1296	1296	223	993	198	202	1304	1296	572	200	207	96	96	96	1304	1296	1296	1304	1296	222	103	210	1304	1296	1296	1296	1296	1296	1296	1296	1296	1296	1296	1296	1296	1296	1296	1296	1296	923	206	192	202	1304	1296	535	205	211	1296	96	1296	1304	1296	320	207	217	1304	196	210	214	917	1304	1296	1296	1296	1296	1296	1296	1296	1296	1296	1296	1296	1296	1291	1296	204	217	1304	1296	1259	213	76	1304	222	217	692	257	1304	209	236	461	201	96	116	1296	209	1304	1296	1296	1296	1296	1296	1296	1296	1296	1296	1296	1296	1296	1063	199	100	207	1304	1296	561	219	196	199	452	215	1304	211	1304	252	518	96	96	1296	1304	202	1304	1296	1296	1296	1296	1296	1296	1296	1296	1296	1296	1296	1296	445	1296	96	1296	40	210	205	208	1304	202	1304	192	215	1296	768	422	200	1304	212	337	198	96	116	212	1296	422	202	1296	1296	1296	1296	1296	1304	1296	1296	1296	1296	1296	1296	1296	1296	1296	1296	1296	336	212	229	96	1304	1304	1296	1296	326	236	234	1304	689	210	206	254	1304	1296	392	221	211	1296	1296	1296	1296	1296	1304	1296	1296	1296	1296	1296	1296	1296	1296	1296	1296	477	208	203	1296	1296	213	209	201	468	1304	1304	1243	209	207	96	96	96	1304	1296	1296	1304	76	1304	203	941	215	1304	1296	1296	1296	1296	1296	1296	1296	1296	1296	1296	1296	1296	1296	1296	1296	1296	917	96	96	1296	1296	213	207	208	1304	1296	704	211	1304	215	1296	172	217	100	225	1304	599	205	211	208	1304	1296	1296	1296	1296	1296	1296	1296	1296	1296	1296	1296	1296	1296	1296	1296	1296	1152	206	206	1304	1296	207	560	209	210	217	1304	775	203	1304	290	210	211	1304	1296	1296	1296	1296	1296	1296	1296	1296	1296	1296	1296	1296	1274	224	210	1296	1304	716	199	261	1296	215	290	1304	209	206	1304	1116	96	96	116	96	1304	215	1304	1296	40	214	208	215	1296	1296	1296	1304	1296	1296	1296	1296	1296	1296	1296	1296	1296	1296	1296	1296	1296	1296	1296	1296	1296	1296	202	214	212	1304	1296	1296	187	1296	215	219	1304	1296	844	205	211	206	1304	1296	1051	214	257	1304	1296	1296	1296	1296	1296	1296	1296	1296	1296	1296	1296	1296	1296	1296	1296	1296	1296	1296	1296	1296	1296	1296	203	207	633	1304	1296	1296	96	1296	1296	1296	380	205	208	207	1304	1296	1296	185	1304	96	96	96	96	1296	96	1296	1296	96	1296	1296	1296	1304	1296	206	217	1296	209	208	1296	1304	1296	1296	1296	212	1296	1296	1296	1296	1296	1296	1296	1296	1296	96	116	96	96	1304	212	1296	1296	1296	1296	1296	1296	1296	1296	1296	416	199	213	202	1304	1296	1296	1296	286	247	1304	233	747	198	1296	96	1296	211	1304	198	1296	218	207	538	1304	1296	1296	1296	1296	1296	1296	1296	1296	1296	1296	1296	1296	1296	1296	1296	1296	1296	1296	1296	605	206	213	1304	1296	1296	1296	1109	202	219	1304	1296	763	201	210	204	1304	1296	1228	76	250	214	1296	1296	1304	1296	1296	1296	1296	1296	1296	1296	1296	1296	1296	1296	1296	1296	1296	1296	1296	1296	207	357	1296	220	1304	1296	1296	991	191	211	231	1304	1296	836	100	96	1304	210	205	1304	409	1296	96	96	96	1296	1296	1296	218	207	1304	1296	1296	1296	1296	1296	1296	1296	1296	1296	1296	1296	1296	1296	1296	766	208	96	96	1296	1296	206	208	1304	821	1296	210	96	1296	40	212	1304	1296	213	218	214	1304	213	557	209	206	1304	1296	1296	1296	1296	70	1296	212	214	1304	1131	96	1296	976	212	224	206	805	1304	76	100	209	217	247	210	201	219	207	212	206	219	241	194	208	202	205	196	209	197	96	116	116	206	247	197	1304	217	200	211	80	60	206	1304	1296	1296	1296	1296	1296	1296	1296	96	1296	1296	1296	1296	1296	1296	1296	1296	1296	96	1296	1296	1296	1296	1296	1296	1296	1296	1296	96	96	1296	1296	1296	1296	1296	1296	1296	1296	1296	1296	1296	1296	1296	1296	1296	1296	1296	1296	96	1296	1296	1296	1296	1296	1296	1296	1296	1296	96	1296	1296	1296	1296	1296	1296	1296	1296	1296	1296	1296	1296	1296	1296	1296	1296	1296	1296	1296	1296	1296	1296	1296	1296	1296	1296	1296	1296	1296	1296	1296	1296	1296	1296	1296	1296	1296	1296	96	96	1296	1296	1296	1296	1296	1296	1296	1296	1296	1296	1296	1296	1296	1296	1296	1296	1296	1296	1296	96	96	1296	1296	1296	1296	1296	1296	1296	1296	1296	96	1296	1296	1296	1296	1296	1296	1296	1296	1296	1296	1296	1296	1296	1296	1296	1296	1296	1296	1296	1296	96	1296	1296	1296	1296	1296	1296	1296	1296	96	1296	1296	1296	1296	1296	1296	1296	1296	1296	56	1296	1304	1296	1296	1296	1296	1296	1296	1296	96	1296	1296	1296	1296	1296	1296	453	1304	1296	457	1081	1296	1025	1304	1296	1296	1296	1296	1296	1296	1296	1296	1296	1296	1296	1296	1296	537	1304	1296	484	1296	1304	226	1304	183	241	211	96	96	1296	1296	1304	1296	1296	1296	1296	1296	1296	1296	1296	96	96	1296	1296	1296	1296	1073	201	212	1304	687	199	202	1191	225	76	96	1296	219	216	1304	218	57	249	1296	1304	1296	1296	1296	1296	1296	1296	1296	1296	1296	1296	1296	71	202	201	100	214	1290	1304	199	209	96	1304	96	1296	96	1304	236	222	213	1304	1304	245	96	1304	209	207	216	1304	1296	1296	1296	1296	1296	1296	1296	1296	1296	1296	1296	1296	525	209	206	208	1304	1296	882	206	1304	322	200	229	251	1207	206	205	1304	1296	1296	1296	1296	1296	1296	1296	1296	1296	1296	1296	1296	1081	204	201	1304	1243	212	209	199	1304	209	205	114	1100	210	76	204	1304	1296	1296	1296	1296	1296	1296	1296	1296	1296	1296	1296	1296	1296	1296	753	231	258	198	1304	1296	756	203	206	1304	112	210	100	210	809	206	223	1304	96	1304	245	1304	1296	1296	1296	1296	1296	1296	1296	1296	96	96	1296	1296	1296	1296	1296	1296	1296	1296	1296	1296	200	741	201	1296	1296	1304	210	772	197	198	96	1304	40	40	1304	1296	204	198	582	1304	467	198	209	1304	1296	1296	1296	1296	96	1296	1296	1296	1296	1296	1296	1296	1296	1296	96	96	1296	1296	1296	1296	651	259	1296	1296	96	1296	1296	1296	1296	203	211	1304	1296	527	210	1296	96	1296	210	1024	222	208	121	1296	205	202	212	1304	1304	96	96	1304	1296	1304	1304	1296	1296	1296	1296	1296	1296	1296	1296	1296	1296	1296	1296	1296	1296	1296	1296	270	1296	207	218	1304	1296	1296	354	204	220	1304	1265	206	204	212	1304	966	224	1296	1296	1296	250	1296	1296	1296	1304	1296	1296	1296	1296	1296	1296	1296	1296	1296	239	213	96	96	1296	1296	96	96	1304	1296	207	1304	1296	1296	212	210	210	163	1304	1100	1296	204	200	1304	210	202	1093	1304	1296	1296	1296	1296	1296	1296	1296	1296	1296	1296	1296	1296	1296	1296	1296	1296	1296	1296	247	792	209	212	1304	1296	1296	279	202	76	210	1189	1304	208	206	96	1304	1304	1144	211	247	207	1304	1296	1296	1296	1296	1296	1296	1296	1296	96	1296	1296	1296	1296	1296	1296	573	220	208	1304	1296	1296	993	96	1296	100	208	203	1304	1243	208	206	1304	204	1044	204	211	1304	1296	1296	1296	1296	1296	1296	1296	1296	96	1296	1296	1296	1296	1296	1296	472	216	1296	96	1296	1296	1304	1296	1124	220	236	231	1304	238	696	194	214	116	214	1296	294	1304	205	207	1304	1296	1296	1296	1296	1296	1296	1296	1296	1296	1296	1296	1296	1296	1296	1296	151	207	198	201	1304	1296	1296	599	195	225	1304	911	252	96	1304	1304	210	1066	200	215	1304	205	1296	1296	1296	1296	1296	1296	1296	1296	1296	1296	1296	1296	1296	218	268	249	1304	1296	829	1296	200	207	212	1304	1001	205	96	96	206	1304	508	205	243	1304	1296	1296	1296	1296	1296	1296	1296	96	1296	1296	1296	1296	1296	1296	1296	1296	1296	224	190	96	1296	202	203	1304	193	1296	889	213	255	1304	204	203	1304	1173	198	220	201	1304	1296	1296	1296	1296	1296	1296	1296	1296	1296	1296	1296	1296	428	212	1304	1230	206	1296	202	196	1296	198	1304	1078	210	206	1304	902	202	209	1304	1296	1296	1296	1296	1296	1296	1296	1296	1296	1296	1296	1296	205	195	807	76	1304	1296	491	212	210	219	40	96	96	96	96	116	198	1296	1296	1304	1296	1304	201	869	219	213	227	1304	179	100	1304	1296	1296	1296	1296	1296	1296	1296	1296	1296	1296	1296	1296	1296	1296	1296	204	487	211	217	1296	96	1296	1296	1304	1296	84	205	216	918	1304	96	96	1304	1304	216	219	1304	1296	351	220	214	221	1296	1296	1304	1296	1296	1296	1296	1296	1296	96	1304	1296	1296	1296	1296	1296	1296	197	211	1296	96	1296	1304	201	208	525	202	1304	1273	1296	198	195	231	1296	96	1296	1296	76	1247	1304	197	206	1296	1296	1296	1296	1296	1296	1304	1296	1296	1296	1296	1296	1296	1296	1296	1296	1296	389	200	206	1304	1296	1296	460	203	208	215	1304	1296	170	207	216	1304	1176	204	211	1304	1296	1296	1296	1296	1296	1296	1296	1296	1296	1296	1296	1296	1296	1296	839	226	241	232	100	1296	1296	1296	255	119	1304	1161	246	242	1304	1290	212	208	204	1304	1304	210	1296	1296	1296	1296	1296	1296	1296	1296	1296	1296	1296	1296	1296	209	209	1040	1304	1296	1296	484	207	208	209	1304	1296	220	307	1238	209	205	1296	1296	1296	211	716	1304	1304	208	204	206	1304	1296	501	264	210	1304	1296	336	213	205	208	200	192	210	196	205	214	213	198	208	199	211	204	204	221	215	210	215	206	80	60	1304	1296	1296	1296	1296	1296	1296	1296	1296	1296	1296	1296	1296	1296	1296	1296	1296	1296	1296	1296	1296	1296	1296	1296	1296	1296	1296	1296	1296	1296	1296	1296	1296	1296	1296	1296	1296	1296	1296	1296	1296	1296	1296	1296	1296	1296	1296	1296	1296	1296	1296	1296	1296	1296	1296	1296	1296	1296	1296	1296	1296	1296	1296	1296	1296	1296	1296	1296	1296	1296	1296	1296	1296	1296	1296	1296	1296	1296	1296	1296	1296	1296	1296	1296	1296	1296	1296	1296	1296	1296	1296	1296	1296	1296	1296	1296	1296	1296	1296	1296	1296	1296	1296	1296	1296	1296	1296	1296	1296	1296	1296	1296	1296	1296	1296	1296	1296	1296	1296	1296	1296	1296	1296	1296	1296	1296	1296	1296	1296	1296	1296	1296	1296	1296	1296	1296	1296	71	1296	76	1304	1296	1296	1296	1296	1296	1296	1296	1296	100	1296	1296	1296	1296	1296	1296	1296	1296	446	1296	1304	361	1304	310	467	1304	1304	1296	1296	1296	1296	1296	1296	1296	1296	1296	1296	1296	1296	1296	1296	690	1304	1304	244	1304	149	266	206	1304	1226	1296	1296	1296	1296	1296	1296	1296	1296	1296	1296	1296	1296	209	201	1049	218	1304	1296	574	196	203	1304	503	223	212	1304	789	219	207	211	1304	1296	1296	1296	1296	1296	1296	1296	1296	1296	1296	1296	1296	1178	219	214	1296	1304	1296	1284	212	215	216	1304	1075	252	204	1304	212	205	1243	1296	1296	1296	1296	1296	1304	1296	1296	1296	1296	1296	1296	1296	1296	1224	201	206	1304	1296	208	656	220	211	1304	209	839	205	1304	910	210	232	1304	1296	1296	1296	1296	1296	1296	1296	1296	1296	1296	1296	1296	487	206	211	202	1304	1296	687	76	211	1304	646	247	209	227	1304	212	204	201	208	1296	1296	1304	1296	1296	1296	1296	1296	1296	1296	1296	1296	1296	1296	131	212	262	1304	1296	665	196	194	200	280	1304	200	203	1304	1284	208	100	211	1304	1296	1296	1296	1296	1296	1296	1296	1296	1296	1296	1296	1296	1296	595	212	206	205	1304	1296	199	844	210	1304	1104	218	217	1304	1048	204	213	200	1304	1296	1296	1296	1296	1296	1296	1296	1296	1296	1296	1296	1296	782	234	236	1304	1296	153	199	206	1304	954	212	215	202	1304	426	205	229	1296	1304	1296	1296	1296	1296	1296	1296	1296	1296	1296	1296	849	209	206	1304	215	1025	208	198	1304	99	231	224	212	1304	205	562	1304	1296	1296	1296	1296	1296	1296	1296	1296	1296	1296	209	919	200	196	1304	1296	71	206	204	1296	383	216	206	226	200	436	219	1304	1304	1296	1296	1296	1304	1296	1296	1296	1296	1296	1296	1296	514	245	247	1304	367	219	205	1304	243	205	210	200	1234	202	200	76	1296	1304	1296	1296	1296	1296	1296	1296	1296	1296	1296	1296	1296	1296	1296	218	883	205	1304	209	205	212	461	1304	215	123	204	1304	141	205	206	1304	1296	1296	1296	1296	1296	1296	1296	1296	100	1296	222	843	225	203	1304	206	207	923	1296	202	346	1304	222	1304	709	206	215	1304	1296	204	1296	1296	1296	1296	1296	1296	1296	1296	1296	1296	447	217	1304	1296	257	1296	209	848	218	206	1304	206	216	210	1296	1304	94	204	198	1304	1296	1296	1296	1296	1296	1296	1296	1296	76	1296	1296	1296	1296	1296	1296	1296	1296	118	210	100	217	206	1296	1304	1296	225	988	1304	1296	197	1304	209	1296	234	335	938	202	199	1304	1296	1296	1296	1296	1296	1296	1296	1296	215	1296	1296	1296	1296	1296	1296	1296	1296	1296	1296	1296	364	203	196	1296	1304	1296	332	207	199	1304	1296	869	202	1296	207	210	1304	1296	681	210	195	1304	1296	1296	1296	1296	1296	1296	1296	1296	1296	1296	1296	1296	1296	1296	1296	1296	1296	1296	1296	1296	927	197	234	1304	1296	1296	1296	265	236	203	421	1304	1296	686	206	1304	1296	934	201	202	209	1304	1296	1296	1296	1296	1296	1296	1296	1296	1296	1296	1296	1296	1296	1296	1296	1296	1296	1296	1296	1296	1296	625	213	207	219	1304	1296	490	247	1296	1296	202	1304	1296	1296	215	211	189	1304	1296	205	208	209	980	1304	1296	1296	1296	1296	1296	1296	1296	1296	1296	1296	1296	1296	1296	1296	1296	1296	1296	1296	1296	1296	220	210	388	1304	1296	1296	1296	888	245	1304	217	198	913	1296	208	211	1304	1296	310	205	207	1304	1296	1296	1296	1296	1296	1296	1296	1296	1296	1296	1296	1296	1296	1296	207	1031	207	1304	1296	214	215	671	205	1304	699	217	223	1304	244	214	63	1304	1296	1296	1296	1296	1296	1296	1296	1296	1296	1296	1296	1296	530	220	1296	209	200	1304	1296	367	200	205	1304	269	596	201	1304	211	209	213	206	100	1304	1296	1296	1296	1296	1296	1296	1296	1296	1296	1296	1296	1296	1296	208	249	1304	1296	279	540	212	201	196	1304	744	202	252	1304	335	209	1304	205	1296	1296	1296	1296	1296	1296	1296	1296	1296	1296	1296	1296	329	203	211	207	1304	212	207	1070	198	203	1192	1296	1077	210	206	205	1304	1296	1296	1296	221	997	224	222	1304	195	1280	291	200	206	202	196	209	221	252	205	208	198	200	207	202	202	210	212	214	218	246	205	60	199	80	1304	1296	1296	1296	1296	1296	1296	1296	254	1296	1296	1296	1296	1296	1296	1296	1296	1296	1296	1296	1296	1296	1296	1296	1296	1296	1296	1296	1296	1296	1296	1296	1296	1296	1296	1296	1296	1296	1296	1296	1296	1296	1296	1296	1296	1296	1296	1296	1296	1296	1296	1296	1296	1296	1296	1296	1296	1296	1296	1296	1296	1296	1296	1296	1296	1296	1296	1296	1296	1296	1296	1296	1296	1296	1296	1296	1296	1296	1296	1296	1296	1296	1296	1296	1296	1296	1296	1296	1296	1296	1296	1296	1296	1296	1296	1296	1296	1296	1296	1296	1296	1296	1296	1296	1296	1296	1296	1296	1296	1296	1296	1296	1296	1296	1296	1296	1296	1296	1296	1296	1296	1296	1296	1296	1296	1296	1296	1296	1296	1296	1296	1296	1296	1296	1296	1296	1296	1296	1296	1296	1296	1296	1296	1296	1120	1304	1296	1296	1296	1296	1296	1296	1296	1296	1296	1296	1296	1296	1296	485	1304	1112	1241	844	1304	1296	1296	1296	1296	1296	1296	1296	1296	1296	1296	1296	1296	172	690	826	195	207	1296	1304	1285	1296	1296	1296	1296	1296	199	371	1296	207	1296	1296	1146	209	202	217	216	406	575	220	209	207	1304	1296	1296	1296	1296	1296	1296	1296	1296	1296	1296	211	663	213	1304	412	208	76	269	230	461	201	210	1260	192	195	1304	1296	1296	1296	1296	1296	1296	1296	1296	1296	1296	1296	923	195	205	227	100	1304	68	204	209	749	205	455	203	210	202	209	1304	1296	1296	1296	1296	1296	1296	1296	1296	1296	1296	1173	218	249	204	208	209	512	210	208	201	217	1304	1296	1024	427	1296	1296	1296	1296	1296	1296	1296	1296	1296	126	206	206	219	870	218	484	207	214	420	204	204	201	214	1304	1296	1296	1296	1296	1296	1296	1296	1296	1296	1296	435	205	208	1193	201	210	372	208	219	972	205	207	217	1304	1296	1296	1296	1296	1296	1296	1296	1296	1296	1296	1296	213	1304	356	610	209	213	215	211	823	206	239	554	258	211	1304	1296	1296	1296	1296	1296	1296	1296	1296	1296	207	1296	939	213	76	207	1304	199	567	206	620	204	211	816	214	203	223	1304	1296	1296	1296	1296	1296	1296	1296	1296	1296	1296	1296	1296	934	100	217	213	1304	1296	708	226	216	208	1000	208	204	1304	787	201	205	1304	1296	1296	1296	1296	1296	1296	1296	1296	1296	1296	1296	1296	1296	1296	1296	1296	1296	213	200	225	1304	1296	1296	1195	219	209	207	1304	1119	202	209	1304	1164	214	261	1304	1296	1296	1296	1296	1296	1296	1296	1296	1296	1296	1296	1296	1296	1296	1296	1296	1296	787	1296	217	196	208	1296	1304	1296	1296	1296	374	207	209	1304	1296	793	195	204	1304	1296	668	216	218	207	1304	1296	1296	1296	1296	1296	1296	1296	1296	1296	1296	1296	1296	1296	1296	1296	1296	1296	1296	1296	1161	208	228	1304	1296	1296	1296	83	218	210	220	1304	1296	1075	204	201	1304	582	1296	225	237	1304	1296	1296	1296	1296	1296	1296	1296	1296	1296	1296	1296	1296	1296	1296	1296	1296	1296	1296	337	206	219	204	1304	1220	1296	204	206	1304	210	1212	1304	227	656	210	211	230	1304	1296	1296	1296	1296	1296	1296	1296	1296	1296	1296	1296	1296	1296	1296	1296	1296	1296	358	201	214	1296	1304	66	206	211	1304	212	205	282	76	248	1304	383	211	208	1304	1296	1296	1296	1296	1296	1296	1296	1296	1296	1296	1296	1296	1296	1296	203	201	154	1304	1296	435	100	200	205	209	187	1304	1304	205	203	206	213	198	1304	1296	1296	1296	1296	1296	1296	1296	1296	1296	1296	1296	1296	923	214	239	201	1304	505	205	217	280	204	225	1304	1304	558	213	209	210	1304	1296	1296	1296	1296	1296	1296	1296	1296	1296	1296	1296	1296	158	213	216	1304	640	253	205	1304	84	203	204	207	1164	204	209	1304	1296	1296	1296	1296	1296	1296	1296	1296	1296	1296	1296	1296	1296	1226	207	215	1304	407	200	218	253	208	210	903	208	1038	200	1304	1296	1296	1296	1296	1296	1296	1296	1296	1296	1296	145	1296	207	1296	226	76	198	1304	171	207	206	100	745	206	204	553	228	203	204	1304	1296	1296	1296	1296	1296	1296	1296	1296	1296	1296	1296	209	204	408	1304	217	242	217	206	213	479	504	205	207	220	1304	1296	1296	1296	1296	1296	1296	1296	1296	1296	1296	1296	1296	1296	1296	1048	205	202	239	1304	241	286	209	208	529	202	561	202	209	1304	221	1296	1296	1296	1296	1296	1296	1296	1296	1296	1296	1296	1296	208	198	1304	312	211	229	542	211	200	246	201	864	209	1304	1296	1296	500	208	1296	204	215	1304	259	208	209	217	857	215	214	210	211	210	210	212	216	204	206	76	219	211	217	211	208	216	221	238	212	229	100	204	60	1296	1296	1296	1296	1296	1304	1296	1296	1296	80	1296	1296	1296	1296	1296	1296	1296	1296	1296	1296	1296	1296	1296	1296	1296	1296	1296	1296	1296	1296	1296	1296	1296	1296	1296	1296	1296	1296	1296	1296	1296	1296	1296	1296	1296	1296	1296	1296	1296	1296	1296	1296	1296	1296	1296	1296	1296	1296	1296	1296	1296	1296	1296	1296	1296	1296	1296	1296	1296	1296	1296	1296	1296	1296	1296	1296	1296	1296	1296	1296	1296	1296	1296	1296	1296	1296	1296	1296	1296	1296	1296	1296	1296	1296	1296	1296	1296	1296	1296	1296	1296	1296	1296	1296	1296	1296	1296	1296	1296	1296	1296	1296	1296	1296	1296	1296	1296	1296	1296	1296	1296	1296	1296	1296	1296	1296	1296	1296	1296	1296	1296	1296	1296	1296	1296	1296	1296	1296	1296	1296	1296	1296	1192	1304	1296	1296	1296	1296	1296	1296	1296	1296	1296	1296	1296	1296	609	1296	1296	1304	1296	571	787	1186	1296	1304	1296	1296	1296	1296	1296	1296	1296	1296	1296	1296	1296	1296	1296	1296	1296	1296	467	1304	1296	521	1304	702	1304	998	191	1304	211	1296	1296	1296	1296	1296	1296	1296	1296	1296	1296	1296	1296	832	201	1296	208	1304	1296	821	212	207	209	1304	420	252	222	197	338	198	1304	1304	1296	1296	1296	1296	1296	1296	1296	1296	1296	1296	1296	244	1296	429	198	193	1296	1304	210	1028	207	1304	206	198	143	1304	274	224	201	204	76	1296	1296	1296	1296	1296	1296	1296	1296	1304	1296	1296	1296	1296	1296	1164	206	218	1296	1304	299	219	211	1304	308	206	100	198	204	1289	203	1304	1296	1296	201	1296	1296	1296	1296	1296	1296	1296	1296	1296	1296	1296	1296	1296	1296	220	716	211	207	1296	616	220	1304	212	1304	945	216	216	1304	699	213	218	201	1304	1296	1296	1296	1296	1296	1296	1296	1296	1296	1296	1296	1296	1296	563	1296	199	218	1304	1296	1296	887	208	229	1304	414	207	1304	606	214	218	203	204	1304	1296	1296	1296	1296	1296	1296	1296	1296	1296	1296	1296	1296	1296	1296	540	196	204	1304	1296	575	222	203	208	308	214	1304	1304	244	214	221	213	1296	1304	1296	1296	1296	1296	1296	1296	1296	1296	1296	1296	1296	1296	1296	1296	1097	211	217	215	1304	1296	1296	467	203	218	1304	1058	76	100	216	233	1304	205	220	1296	1304	1296	219	1296	1296	1296	1296	1296	220	1296	1296	1296	1296	1296	1296	1296	1296	1296	1083	1296	220	209	1304	1296	1296	898	209	202	327	1296	206	197	191	1304	1304	205	189	730	1304	1296	1296	1296	1296	1296	1296	1296	1296	1296	1296	1296	1296	1296	1296	1296	1296	732	205	213	1135	220	278	217	1304	826	1304	207	213	1304	319	209	205	1304	1296	1296	1296	1296	1296	1296	1296	1296	1296	1296	1296	1296	586	210	213	219	1304	1296	252	213	207	212	976	221	894	208	240	215	1304	1296	1296	1296	1296	1296	1296	1296	1296	1296	1296	1296	1296	695	213	204	1304	834	207	195	200	1155	202	206	973	210	256	1304	1296	1296	1296	1296	1296	1296	1296	1296	1296	1296	1296	214	225	215	1304	1296	534	204	1145	209	200	1125	216	207	245	1021	199	76	1304	1296	1296	1296	1296	1296	1296	1296	1296	1296	1296	1296	1296	1296	548	200	206	1304	116	1296	227	191	1188	202	199	241	1123	208	100	202	1304	1296	1296	1296	1296	1296	1296	1296	1296	1296	1296	926	193	204	201	206	262	202	1296	1304	1008	211	200	209	212	881	1304	1296	1296	1296	1296	1296	1296	1296	1296	1296	1296	844	1296	207	205	208	1304	214	221	214	869	254	230	874	210	213	211	1304	1296	1296	1296	1296	1296	1296	1296	1296	1296	1296	1296	1296	1296	212	56	212	1304	488	209	1000	219	212	207	205	1171	201	1304	1296	1296	1296	1296	1296	1296	1296	1296	211	1296	1296	792	223	1296	229	1304	1296	268	200	202	204	1232	198	191	128	207	215	1304	1304	1296	1296	1296	1296	1296	1296	1296	1296	1296	1296	1296	159	202	202	214	374	1304	209	217	964	205	205	806	198	213	204	1304	1296	1296	1296	1296	1296	1296	1296	1296	1296	1296	1296	1100	212	214	1304	274	204	239	76	287	1042	213	235	1008	234	204	1304	1296	1296	1296	1296	1296	1296	1296	76	port:41187 1106	win:	ciphersuits:
taobao	64	port:58169 5355	win:	ciphersuits:
taobao	64	port:60425 5355	win:	ciphersuits:
taobao	64	port:59830 5355	win:	ciphersuits:
taobao	64	port:50887 5355	win:	ciphersuits:
taobao	202	202	202	202	port:55542 1900	win:	ciphersuits:
taobao	202	202	202	202	port:60295 1900	win:	ciphersuits:
taobao	202	202	202	202	port:56975 1900	win:	ciphersuits:
taobao	202	202	202	202	port:59300 1900	win:	ciphersuits:
taobao	50	port:58951 5355	win:	ciphersuits:
taobao	50	port:52320 5355	win:	ciphersuits:
taobao	50	port:62097 5355	win:	ciphersuits:
taobao	50	port:54130 5355	win:	ciphersuits:
taobao	50	port:60063 5355	win:	ciphersuits:
taobao	202	202	202	202	port:61357 1900	win:	ciphersuits:
taobao	50	port:65144 5355	win:	ciphersuits:
taobao	50	port:53798 5355	win:	ciphersuits:
taobao	50	port:50070 5355	win:	ciphersuits:
taobao	50	port:54135 5355	win:	ciphersuits:
taobao	50	port:61562 5355	win:	ciphersuits:
taobao	50	port:60020 5355	win:	ciphersuits:
taobao	50	port:52766 5355	win:	ciphersuits:
taobao	50	port:52768 5355	win:	ciphersuits:
taobao	50	port:56706 5355	win:	ciphersuits:
taobao	50	port:65413 5355	win:	ciphersuits:
taobao	50	port:57664 5355	win:	ciphersuits:
taobao	50	port:56437 5355	win:	ciphersuits:
taobao	50	port:56249 5355	win:	ciphersuits:
taobao	202	202	202	202	port:62086 1900	win:	ciphersuits:
taobao	202	202	202	202	port:55512 1900	win:	ciphersuits:
taobao	202	202	202	202	port:51985 1900	win:	ciphersuits:
taobao	202	202	202	202	port:57751 1900	win:	ciphersuits:
taobao	202	202	202	202	port:55105 1900	win:	ciphersuits:
taobao	50	port:58149 5355	win:	ciphersuits:
taobao	202	202	202	202	port:60234 1900	win:	ciphersuits:
taobao	50	port:51565 5355	win:	ciphersuits:
taobao	50	port:52886 5355	win:	ciphersuits:
taobao	50	port:60230 5355	win:	ciphersuits:
taobao	50	port:57743 5355	win:	ciphersuits:
taobao	53	port:51525 5355	win:	ciphersuits:
taobao	53	port:60151 5355	win:	ciphersuits:
taobao	54	port:57742 5355	win:	ciphersuits:
taobao	59	port:51325 5355	win:	ciphersuits:
taobao	59	port:49530 5355	win:	ciphersuits:
taobao	50	port:50329 5355	win:	ciphersuits:
taobao	50	port:54320 5355	win:	ciphersuits:
taobao	50	port:60347 5355	win:	ciphersuits:
taobao	50	port:52711 5355	win:	ciphersuits:
taobao	50	port:57596 5355	win:	ciphersuits:
taobao	50	port:53659 5355	win:	ciphersuits:
taobao	50	port:52892 5355	win:	ciphersuits:
taobao	50	port:59421 5355	win:	ciphersuits:
taobao	50	port:55531 5355	win:	ciphersuits:
taobao	50	port:52999 5355	win:	ciphersuits:
taobao	202	202	port:54658 1900	win:	ciphersuits:
taobao	50	port:59979 5355	win:	ciphersuits:
taobao	50	port:52273 5355	win:	ciphersuits:
taobao	50	port:49845 5355	win:	ciphersuits:
taobao	50	port:54654 5355	win:	ciphersuits:
taobao	50	port:51460 5355	win:	ciphersuits:
